0 12 48 6 20
1 18 60 4 20
2 84 93 9 20
3 49 90 8 19
4 73 114 1 19
5 17 62 6 18
6 21 62 4 18
7 37 51 2 18
8 51 91 5 18
9 21 30 6 17
10 32 54 3 17
11 81 98 2 17
12 5 33 2 16
13 12 50 5 16
14 39 88 3 16
15 55 91 10 16
16 70 119 10 16
17 91 128 3 16
18 2 14 4 15
19 23 60 7 15
20 36 67 6 15
21 37 62 4 15
22 49 62 3 15
23 97 142 7 15
24 14 36 7 14
25 80 105 7 14
26 23 62 4 13
27 25 61 10 13
28 40 59 3 13
29 60 62 2 13
30 79 96 10 13
31 99 136 10 13
32 100 119 8 13
33 7 63 6 12
34 38 66 10 12
35 80 109 6 12
36 1 48 9 11
37 4 28 6 11
38 8 38 8 11
39 60 95 7 11
40 75 120 2 11
41 79 89 5 10
42 87 124 1 10
43 93 109 3 10
44 58 78 8 9
45 69 75 3 9
46 72 77 1 9
47 77 122 4 9
48 80 129 5 9
49 94 101 1 9
50 3 54 6 8
51 53 59 4 8
52 56 85 3 8
53 58 71 8 8
54 64 83 1 8
55 2 27 4 7
56 14 63 3 7
57 23 69 4 7
58 24 51 5 7
59 32 64 9 7
60 35 57 6 7
61 40 78 4 7
62 43 93 3 7
63 76 111 5 7
64 85 102 10 7
65 87 107 7 7
66 94 96 2 7
67 51 57 4 6
68 56 103 2 6
69 67 92 7 6
70 28 73 1 5
71 31 38 1 5
72 33 54 4 5
73 14 32 6 4
74 24 63 7 4
75 24 68 7 4
76 25 76 9 4
77 53 105 10 4
78 85 102 4 4
79 100 131 4 4
80 9 47 4 3
81 31 55 9 3
82 40 74 9 3
83 61 106 9 3
84 29 45 10 2
85 36 45 9 2
86 42 79 7 2
87 44 68 5 2
88 53 63 6 2
89 78 103 6 2
90 81 90 4 2
91 6 36 1 1
92 22 36 3 1
93 28 78 7 1
94 36 54 5 1
95 56 80 2 1
96 68 103 9 1
97 79 122 7 1
98 95 137 3 1
99 96 112 4 1
